 6.05137 5.98798 6.97466 6.96878 5.05102 6.17453 8.77426 7.78186 6.53037 7.31556 6.80309 6.41411 6.43594 6.9882 7.76287 5.49255 5.784 8.32846 6.43602 7.4997 6.9171 8.18574 5.78373 7.29011 8.48464 5.99685 6.43423 6.47618 6.77381 6.14356 8.26048
 5.99247 7.1983 8.01606 6.55724 6.4351 5.97165 9.22808 7.75488 6.99999 7.1406 5.85493 7.78486 7.3291 7.26661 8.11215 5.49612 4.96421 9.11628 6.85359 6.98303 8.17654 7.11095 7.50168 7.84332 8.06983 6.99848 6.49727 5.85591 7.7802 6.91031 8.10421
 5.91811 6.85867 8.49746 8.10708 6.63929 6.43165 9.7706 9.08029 8.41364 8.1453 7.21015 8.24721 8.9648 7.69302 7.68147 6.52781 5.66947 9.84715 8.0746 6.87164 7.61826 8.06937 8.10995 8.29519 10.3049 7.06551 7.99853 7.01293 8.37679 6.81555 8.50342
 6.06025 6.20347 7.00552 7.04701 5.59278 5.60541 7.99823 7.44892 7.00328 7.25126 6.61338 6.55443 6.95032 7.24999 7.38079 5.07175 6.00673 8.33891 6.52453 7.35118 6.78963 7.88688 6.95401 7.41522 9.00632 6.01361 6.56617 7.02208 6.44586 5.76092 7.80486
 5.69361 6.19615 6.8105 6.07767 5.58731 5.07471 7.66422 7.17852 7.48054 6.76196 5.83155 7.21921 6.76267 6.75846 6.86737 4.74542 4.9596 7.0499 7.21936 5.99339 5.9061 7.12048 6.3277 6.93385 8.73963 6.14938 6.4864 5.99411 7.09281 5.7298 6.87728
 4.30839 5.19636 5.49697 4.91316 4.92324 4.8395 6.87954 5.85731 6.00966 5.49628 5.69252 5.90143 6.36861 5.56055 5.85728 5.26489 5.09128 6.25514 5.97609 5.66432 5.11633 6.50241 6.05321 6.81404 8.16194 5.33085 5.76411 5.25405 5.62444 5.22933 5.88145
 5.62768 6.69632 6.69188 5.97343 5.48009 4.86706 8.61519 6.99158 6.94235 6.63637 6.10651 6.22054 7.52219 6.96263 7.20186 5.70626 5.48281 8.10866 6.91953 6.85626 6.7444 6.85337 7.10713 7.40235 8.8012 5.95175 5.73029 6.74834 6.97518 6.28661 7.52115
 7.21518 8.63662 9.31038 8.7028 7.12473 7.18761 10.9525 9.36851 9.57979 8.62291 8.02949 8.6808 9.30903 9.4786 9.13008 6.98899 7.166 10.6078 9.30433 9.20057 8.79928 9.06191 8.55103 9.03578 11.2704 7.8266 7.67987 8.44876 8.78835 7.48861 10.3809
 0 0 0 0 0 0 0 0 0 0 0 0 0 0 0 0 0 0 0 0 0 0 0 0 0 0 0 0 0 0 0
 0 0 0 0 0 0 0 0 0 0 0 0 0 0 0 0 0 0 0 0 0 0 0 0 0 0 0 0 0 0 0
 0 0 0 0 0 0 0 0 0 0 0 0 0 0 0 0 0 0 0 0 0 0 0 0 0 0 0 0 0 0 0
 0 0 0 0 0 0 0 0 0 0 0 0 0 0 0 0 0 0 0 0 0 0 0 0 0 0 0 0 0 0 0
 0 0 0 0 0 0 0 0 0 0 0 0 0 0 0 0 0 0 0 0 0 0 0 0 0 0 0 0 0 0 0
 0 0 0 0 0 0 0 0 0 0 0 0 0 0 0 0 0 0 0 0 0 0 0 0 0 0 0 0 0 0 0
 0 0 0 0 0 0 0 0 0 0 0 0 0 0 0 0 0 0 0 0 0 0 0 0 0 0 0 0 0 0 0
 0 0 0 0 0 0 0 0 0 0 0 0 0 0 0 0 0 0 0 0 0 0 0 0 0 0 0 0 0 0 0
 6.16619 6.01623 7.62509 7.34558 6.38014 5.34226 8.79786 10.219 8.80142 7.61465 7.63203 8.02534 7.82453 7.85759 7.39713 5.2068 6.42983 9.18199 7.53872 8.19811 7.28429 7.43381 7.49157 7.29868 9.46123 7.44766 6.47597 6.54159 7.49659 6.66778 8.33985
 5.47952 6.73714 7.32835 6.94062 5.37225 5.99937 8.1385 6.90052 6.64558 5.32891 5.79795 6.55121 6.29825 6.29601 7.45839 5.58482 4.74262 7.75069 7.04569 7.47067 7.21683 6.77019 6.38672 6.80139 7.91896 6.24494 5.43983 6.02171 6.52835 5.50827 7.65634
 7.11707 7.06913 8.38805 8.81943 6.23994 6.50895 9.52091 9.67953 8.22276 8.06225 8.22256 7.83061 8.74073 8.2482 8.5075 6.84922 6.4761 9.61832 8.45898 8.30155 8.27237 8.90257 8.25057 8.86972 11.093 6.57517 8.03961 8.09118 7.52553 6.8358 8.92727
 5.11416 6.25276 6.28906 6.61254 5.78354 5.73619 7.85947 7.70361 6.7767 7.26744 5.65146 6.54039 6.88871 7.08693 6.71617 5.68647 4.9368 7.24394 7.00406 6.58397 6.63853 7.53232 6.16245 7.32198 8.4345 6.41289 6.60155 5.75598 6.61199 5.3232 6.99094
 6.55003 7.55424 8.36065 8.25958 6.69473 6.83035 10.5691 10.927 9.63048 8.09766 8.55119 9.00031 8.31286 9.02202 8.53567 6.39593 6.48943 11.361 8.95038 9.3751 8.74594 9.19882 7.96456 9.00076 10.9439 8.60249 7.39178 7.71248 7.97708 8.0628 10.6715
 7.74658 8.55286 8.68549 7.54252 6.8601 6.67603 10.5536 9.45363 8.98055 8.10596 7.20187 9.56022 8.51231 9.38803 8.73038 6.53959 7.2533 10.3807 9.43538 8.82641 9.49881 9.16471 8.9648 10.2435 11.4689 7.71807 8.04619 8.11225 9.25601 7.64889 10.418
 6.48393 7.17899 8.15204 6.28197 6.17386 6.01163 9.86532 10.9667 7.67724 8.56042 7.77194 8.9435 8.55248 7.5717 8.8548 6.46438 7.05003 10.5507 7.32488 9.1093 8.84272 9.39975 7.89983 8.99144 10.0165 8.61182 7.60421 7.08284 7.72825 8.23486 9.62578
 6.84071 7.36359 9.39964 7.91821 7.38834 7.11628 10.7156 9.83846 9.43455 8.21807 7.71314 9.62772 8.57896 8.40855 8.78922 7.02134 6.81919 10.5698 8.82525 9.14926 8.91044 9.40439 8.35994 9.17747 10.7896 8.20097 7.03795 8.22956 9.29894 8.0959 10.8032
 6.01623 7.62509 7.34558 6.38014 5.34226 8.79786 10.219 8.33985 7.61465 7.63203 8.02534 7.82453 7.85759 7.39713 5.2068 8.33985 9.18199 7.53872 8.19811 7.28429 7.43381 7.49157 7.29868 8.33985 7.44766 6.47597 6.54159 7.49659 6.66778 8.33985 0
 6.73714 7.32835 6.94062 5.37225 5.99937 8.1385 6.90052 7.65634 5.32891 5.79795 6.55121 6.29825 6.29601 7.45839 5.58482 7.65634 7.75069 7.04569 7.47067 7.21683 6.77019 6.38672 6.80139 7.65634 6.24494 5.43983 6.02171 6.52835 5.50827 7.65634 0
 7.06913 8.38805 8.81943 6.23994 6.50895 9.52091 9.67953 8.92727 8.06225 8.22256 7.83061 8.74073 8.2482 8.5075 6.84922 8.92727 9.61832 8.45898 8.30155 8.27237 8.90257 8.25057 8.86972 8.92727 6.57517 8.03961 8.09118 7.52553 6.8358 8.92727 0
 6.25276 6.28906 6.61254 5.78354 5.73619 7.85947 7.70361 6.99094 7.26744 5.65146 6.54039 6.88871 7.08693 6.71617 5.68647 6.99094 7.24394 7.00406 6.58397 6.63853 7.53232 6.16245 7.32198 6.99094 6.41289 6.60155 5.75598 6.61199 5.3232 6.99094 0
 7.55424 8.36065 8.25958 6.69473 6.83035 10.5691 10.927 10.6715 8.09766 8.55119 9.00031 8.31286 9.02202 8.53567 6.39593 10.6715 11.361 8.95038 9.3751 8.74594 9.19882 7.96456 9.00076 10.6715 8.60249 7.39178 7.71248 7.97708 8.0628 10.6715 0
 8.55286 8.68549 7.54252 6.8601 6.67603 10.5536 9.45363 10.418 8.10596 7.20187 9.56022 8.51231 9.38803 8.73038 6.53959 10.418 10.3807 9.43538 8.82641 9.49881 9.16471 8.9648 10.2435 10.418 7.71807 8.04619 8.11225 9.25601 7.64889 10.418 0
 7.17899 8.15204 6.28197 6.17386 6.01163 9.86532 10.9667 9.62578 8.56042 7.77194 8.9435 8.55248 7.5717 8.8548 6.46438 9.62578 10.5507 7.32488 9.1093 8.84272 9.39975 7.89983 8.99144 9.62578 8.61182 7.60421 7.08284 7.72825 8.23486 9.62578 0
